502.960431 	142.721762
537.685057 	126.243607
575.601392 	110.265537
616.926940 	94.328616
661.892241 	79.435104
710.444812 	65.081293
762.668245 	52.340738
818.262198 	40.746518
877.231778 	31.389282
938.966322 	23.977121
1003.102805 	19.269171
1068.807166 	17.084525
1135.361848 	17.872627
1202.044561 	21.230716
1267.977662 	27.273549
1332.622731 	35.791714
1395.008148 	46.305333
1454.990186 	58.930290
1511.818343 	72.786967
1565.398400 	88.054103
1615.629744 	103.975901
1662.385526 	120.368469
1705.782490 	137.038363
1745.913669 	153.854036
1782.951325 	170.327578
1817.066879 	186.853171
1848.254536 	202.603381
1877.189907 	218.221712
1903.720402 	233.124498
1928.230085 	247.669281
1950.794913 	261.762849
488.558388 	189.239496
522.746137 	173.849384
560.478059 	158.078584
601.643112 	143.275825
646.630958 	128.173429
695.526124 	114.661849
748.105568 	101.700951
804.653399 	90.735027
864.479048 	81.268504
927.457812 	74.188270
993.054652 	69.200109
1060.246608 	66.964191
1128.584194 	67.720712
1196.839321 	70.930618
1264.660104 	76.752343
1330.717247 	85.038605
1394.761148 	95.439038
1456.003250 	107.264586
1513.917353 	121.022722
1568.325562 	135.384940
1619.227953 	150.990072
1666.408269 	166.470759
1710.268295 	182.746764
1750.382621 	198.353689
1787.685250 	214.250432
1821.779965 	229.680496
1853.194241 	244.861229
1881.815361 	259.333523
1908.248882 	273.389896
1932.547190 	286.973314
1954.942810 	299.917504
475.418517 	238.780500
509.372588 	223.830212
546.698348 	209.539642
587.819043 	194.691255
632.698780 	181.093612
681.720761 	167.549194
734.729447 	155.738704
791.743116 	144.625970
852.541679 	135.839463
916.706837 	128.471216
983.355468 	124.026403
1051.972304 	121.749238
1121.939923 	122.100566
1192.016287 	125.091992
1261.192165 	130.655515
1328.816371 	138.576293
1394.085290 	148.305597
1456.491562 	159.997357
1515.267914 	172.480423
1570.564765 	186.614732
1622.026078 	200.794346
1669.760622 	215.910594
1713.808716 	230.667769
1754.222691 	245.807155
1791.469035 	260.214010
1825.686283 	274.897374
1856.865808 	288.686592
1885.475942 	302.190801
1911.725801 	315.046310
1935.872944 	327.625884
1958.049472 	339.645841
464.036137 	290.291880
497.616756 	277.031124
534.698112 	263.095671
575.475431 	250.112205
620.402029 	236.738967
669.488727 	224.775594
722.748595 	213.058470
780.283910 	203.084760
841.487733 	194.124752
906.679940 	187.728860
974.492465 	183.108273
1044.507219 	180.986882
1115.660748 	181.010259
1186.971096 	183.882681
1257.706163 	188.929295
1326.521939 	196.096593
1392.956465 	205.504082
1456.347890 	216.088818
1516.102841 	228.206264
1572.006136 	240.603612
1624.044420 	254.276873
1672.021865 	267.575608
1716.377188 	281.645485
1757.001867 	295.021805
1794.242376 	308.764666
1828.304468 	321.619522
1859.528619 	334.406517
1888.047463 	346.545191
1914.299770 	358.418857
1938.228411 	369.586671
1960.365877 	380.444442
454.728203 	344.326630
487.868038 	331.930870
524.648865 	319.958187
565.280198 	307.574177
609.924373 	296.147050
659.101234 	284.519215
712.568233 	274.467245
770.163295 	264.925472
832.292585 	257.082172
897.853214 	250.510513
966.675265 	246.503673
1037.749761 	244.164053
1109.917730 	244.325478
1182.442164 	246.940517
1254.210808 	251.459779
1324.192375 	258.092341
1391.550759 	266.063413
1455.812182 	275.962261
1516.048635 	286.490041
1572.603691 	298.315624
1624.923113 	309.851368
1673.299746 	322.426685
1717.703028 	334.340574
1758.418038 	346.819062
1795.742178 	358.546732
1829.849461 	370.448443
1861.051625 	381.397164
1889.567074 	392.514317
1915.582380 	402.632423
1939.479157 	412.671575
1961.329786 	421.998451
447.627859 	399.672424
480.425533 	389.505512
516.752423 	378.349003
557.139331 	368.113328
601.791740 	357.444047
650.738933 	347.831080
704.228563 	338.244580
762.415943 	330.249444
824.618170 	323.011413
890.698365 	317.714020
959.934578 	313.331256
1031.689222 	311.604709
1104.702700 	311.584259
1178.171002 	313.369859
1250.792285 	317.672323
1321.362574 	323.150493
1389.780307 	330.528606
1454.221993 	338.384333
1515.202178 	348.130923
1571.986290 	357.616270
1624.787499 	368.415332
1673.276376 	378.678391
1717.932382 	389.670623
1758.619145 	399.836723
1796.081915 	410.406381
1830.063018 	420.159102
1861.274034 	430.060645
1889.592928 	439.024122
1915.736763 	448.218995
1939.518565 	456.560214
1961.455783 	464.706259
442.685413 	456.901207
475.260489 	447.856092
511.468906 	439.097726
551.739164 	430.028208
596.086344 	421.577762
644.939038 	412.946760
698.552405 	405.336842
756.466462 	397.735455
818.779031 	391.999315
885.275072 	387.217706
954.825635 	383.877082
1026.722874 	382.088047
1100.394262 	382.057960
1174.368626 	383.376758
1247.273131 	386.277852
1318.704693 	391.118354
1387.037189 	397.025999
1452.231508 	404.020171
1513.368165 	411.403943
1570.611740 	420.049468
1623.350424 	428.218573
1671.968885 	437.318443
1716.603350 	445.678806
1757.642276 	454.743892
1794.951026 	462.933757
1829.101210 	471.431329
1860.109924 	479.082174
1888.591976 	486.975151
1914.507794 	494.066343
1938.333690 	501.183060
1960.184652 	507.773135
440.350279 	514.563468
472.672892 	507.746778
508.675052 	500.380236
548.708140 	493.693257
592.877809 	486.459845
641.760550 	479.946775
695.035069 	473.486065
753.012989 	467.804255
815.164436 	462.950900
881.633605 	458.908478
951.314565 	456.202364
1023.321555 	454.660317
1097.011008 	454.204156
1170.967676 	455.134306
1244.232800 	457.864065
1315.566229 	461.478822
1384.199983 	465.846130
1449.263275 	470.736566
1510.788118 	476.838167
1567.734977 	482.920233
1620.810962 	489.931340
1669.356348 	496.314585
1713.924625 	503.504992
1755.217285 	509.962729
1792.438761 	516.684743
1826.543474 	522.957107
1857.833934 	529.240474
1886.104492 	534.975746
1912.081738 	540.831378
1935.980546 	546.076587
1957.937645 	551.277129
440.455756 	572.924967
472.687508 	567.734884
508.647654 	562.638932
548.484428 	557.348412
592.488404 	552.418241
641.021765 	547.362245
694.123037 	542.718594
751.989640 	538.347819
814.015670 	534.820355
880.086567 	531.911973
949.217592 	529.748221
1021.331542 	528.032380
1094.698863 	527.987246
1168.338208 	528.177771
1241.052262 	530.062685
1312.583332 	531.908866
1380.811204 	535.241339
1445.813181 	538.821250
1507.045278 	542.611218
1564.064144 	547.352980
1616.957364 	551.651788
1665.698782 	556.629830
1710.354611 	561.193671
1751.239634 	566.070300
1788.650331 	570.564400
1822.830686 	575.080643
1853.873339 	579.234252
1882.432014 	583.523565
1908.575502 	587.526587
1932.397428 	591.283731
1954.273823 	594.928145
443.024974 	630.894653
475.292044 	627.768874
511.085137 	624.458195
550.917937 	621.377359
594.691566 	618.101418
643.123404 	614.802609
696.083301 	611.996140
753.049469 	609.104771
814.950574 	606.829114
880.291755 	605.006110
949.146871 	603.092322
1020.511583 	601.962008
1093.034995 	601.352365
1166.180339 	601.278455
1238.614712 	602.148424
1309.094895 	603.163171
1376.789808 	605.052223
1441.619990 	606.341305
1502.506372 	608.863646
1559.431162 	611.103115
1612.059325 	613.666583
1660.561448 	616.139696
1705.292855 	619.043110
1745.927527 	621.838281
1783.558851 	624.472202
1817.689937 	626.980777
1848.925315 	629.474441
1877.499989 	631.925015
1903.707639 	634.187906
1927.670960 	636.367721
1949.745820 	638.493125
448.064353 	688.473144
480.395549 	687.059724
516.116227 	685.710343
555.960403 	684.337164
599.671807 	682.879666
647.665316 	681.522830
700.236785 	680.122798
756.908369 	678.972797
818.037099 	677.593224
882.796858 	676.242373
950.734787 	675.381594
1021.094242 	674.650019
1092.741080 	674.004764
1164.779790 	673.391139
1236.066765 	673.136463
1305.752138 	673.177486
1372.981778 	672.968825
1436.853929 	673.511595
1497.313880 	673.941433
1553.500663 	674.374909
1605.795074 	674.929410
1654.402615 	675.628007
1698.818211 	676.244823
1739.762949 	676.961314
1777.116413 	677.825160
1811.356432 	678.483568
1842.658079 	679.131360
1871.379072 	679.709900
1897.591171 	680.579961
1921.843388 	681.142575
1943.899578 	681.770727
455.171829 	744.796091
487.671844 	745.201758
523.511341 	745.675581
563.293216 	745.955667
606.831877 	746.268650
654.487962 	746.567226
706.570908 	746.590354
762.754551 	746.586744
823.056371 	746.396510
886.723214 	746.009332
953.717246 	745.745267
1022.735533 	745.091859
1092.996268 	744.158063
1164.026645 	743.310678
1233.965928 	742.363254
1302.346292 	741.185528
1368.588527 	740.141334
1431.482785 	738.868169
1491.361959 	737.390849
1546.948837 	736.152642
1599.074093 	734.887814
1647.045209 	733.745047
1691.443925 	732.463043
1732.156880 	731.330645
1769.659735 	730.094567
1803.776760 	729.115143
1835.208423 	727.985453
1864.145646 	727.120167
1890.623570 	726.150568
1914.850118 	725.397804
1937.104220 	724.395156
464.524973 	799.667956
497.137775 	801.772861
533.144786 	803.798277
572.686629 	805.711661
616.024532 	807.458606
663.486293 	809.199484
715.106996 	810.617444
770.571595 	811.852575
829.790296 	812.643681
892.571171 	813.105762
958.005747 	813.143203
1025.673628 	812.744689
1094.402520 	811.982423
1163.698195 	810.329817
1232.039053 	808.840535
1299.138713 	806.698668
1364.162456 	804.271194
1426.081647 	801.588130
1484.693990 	798.802374
1539.934544 	795.967624
1591.201587 	792.920274
1638.972771 	789.999127
1683.005922 	787.031729
1723.828900 	784.035725
1760.974329 	781.350126
1795.357512 	778.465248
1826.849816 	776.005934
1855.880405 	773.341964
1882.367599 	771.043905
1906.880408 	768.701182
1929.374432 	766.548437
475.540365 	852.710113
508.307064 	856.126870
544.343609 	859.666360
583.815333 	862.977121
627.151519 	866.101824
674.089653 	868.994704
725.216403 	871.650458
779.623724 	873.820254
837.935695 	875.366955
899.387891 	876.376164
963.475320 	877.150451
1029.253598 	876.650906
1096.432816 	875.603023
1163.957084 	873.958850
1230.739688 	871.633339
1296.170433 	868.817360
1359.589252 	865.315421
1420.200546 	861.637318
1477.761938 	857.441293
1531.991170 	853.315778
1582.919159 	848.592814
1629.967947 	844.240686
1673.904153 	839.614176
1714.294416 	835.226248
1751.691211 	830.762090
1785.946200 	826.663505
1817.582347 	822.411279
1846.687315 	818.514508
1873.365564 	814.667359
1898.079756 	811.040036
1920.817907 	807.605656
488.162454 	903.439566
520.988664 	908.288880
557.120482 	912.907233
596.606141 	917.526599
639.484172 	921.733058
686.187991 	925.718946
736.387820 	929.162731
790.141676 	932.217430
847.164988 	934.384154
907.205216 	936.011477
969.564454 	936.824558
1033.582657 	936.666262
1098.978454 	935.530048
1164.489331 	933.548436
1229.393939 	930.676029
1292.987863 	927.141293
1354.699309 	923.003688
1414.361488 	918.193239
1470.510263 	913.166304
1523.954653 	907.540462
1573.800698 	901.860877
1620.772738 	895.867339
1664.022806 	890.153338
1704.325627 	884.253184
1741.362305 	878.570230
1775.787122 	872.929820
1807.496895 	867.441807
1836.760604 	862.109147
1863.628829 	857.136383
1888.516461 	852.224099
1911.349014 	847.782520
501.960975 	951.987260
535.039763 	957.745883
571.117052 	963.480995
610.428575 	968.959831
653.080784 	974.220135
699.271207 	978.961433
748.716847 	983.283554
801.393451 	986.818985
857.244441 	989.619571
915.722526 	991.546615
976.409123 	992.503547
1038.531936 	992.410462
1101.831500 	991.164220
1165.327170 	989.171498
1228.411413 	986.002554
1290.459461 	981.620822
1350.316251 	976.938163
1408.028953 	971.374815
1463.250815 	965.358852
1515.454779 	958.854189
1564.833839 	951.964549
1610.808678 	945.130588
1653.831539 	938.094649
1693.717575 	931.115068
1730.840227 	924.132347
1765.115777 	917.351623
1796.792099 	910.794356
1825.998388 	904.332732
1853.093827 	898.177134
1878.125512 	892.133019
1901.442770 	886.346337
