575.014069 	330.034106 	
613.327793 	314.629934 	
654.567868 	299.165726 	
698.451982 	284.336248 	
745.323435 	269.690974 	
794.675319 	256.173763 	
846.416244 	243.297482 	
900.218725 	231.826631 	
955.814723 	221.328693 	
1012.319758 	212.678218 	
1069.760430 	205.231540 	
1127.170666 	199.649755 	
1184.454580 	195.593046 	
1240.806723 	192.972824 	
1295.829074 	192.009426 	
1349.098393 	192.419268 	
1400.292543 	193.997634 	
1449.564467 	196.790906 	
1496.253436 	200.340323 	
1540.296295 	204.681109 	
1581.988120 	209.690165 	
1621.121445 	215.245615 	
1657.979342 	221.329881 	
1692.186512 	227.399304 	
1724.489234 	233.968444 	
1754.221128 	240.323671 	
1782.382711 	247.035712 	
1808.538589 	253.624840 	
1832.994527 	260.285163 	
1855.602479 	266.580223 	
1876.909228 	272.938721 	
565.543404 	373.573464 	
604.319306 	358.111557 	
645.948642 	343.100897 	
690.892572 	327.987015 	
738.579414 	313.642180 	
789.195532 	299.705797 	
842.325435 	286.959846 	
897.818982 	274.859962 	
954.892956 	264.426388 	
1013.581724 	254.979488 	
1072.738534 	247.468320 	
1132.325933 	241.387359 	
1191.371009 	236.909545 	
1249.418287 	234.061311 	
1306.086755 	232.649601 	
1360.800064 	232.513800 	
1413.429855 	233.775693 	
1463.384072 	235.918258 	
1510.919848 	239.053388 	
1555.763288 	242.947535 	
1597.866344 	247.455379 	
1637.275133 	252.416292 	
1674.259953 	257.765859 	
1708.603404 	263.432134 	
1740.729794 	269.308782 	
1770.560312 	275.279673 	
1798.117208 	280.986872 	
1824.155732 	287.108991 	
1848.037780 	292.892735 	
1870.488813 	298.695565 	
1891.265825 	304.283413 	
557.139297 	419.760621 	
595.948885 	405.264022 	
638.365097 	389.920060 	
683.839436 	375.456250 	
732.618470 	360.755554 	
784.395943 	347.278012 	
838.907867 	333.901720 	
895.962476 	322.081936 	
954.910177 	311.046691 	
1015.355906 	301.660228 	
1076.616588 	293.452702 	
1138.035239 	287.041523 	
1198.977995 	281.969449 	
1258.938740 	278.667071 	
1316.944252 	276.649826 	
1373.192581 	276.021262 	
1426.811836 	276.613677 	
1477.934240 	278.114973 	
1526.071037 	280.705249 	
1571.476557 	283.922339 	
1613.935297 	287.753206 	
1653.560506 	291.971641 	
1690.599907 	296.707391 	
1724.904619 	301.573782 	
1756.887860 	306.683675 	
1786.355235 	311.652689 	
1813.966862 	316.954299 	
1839.283291 	321.913298 	
1863.130709 	327.284526 	
1885.142277 	332.316538 	
1905.807623 	337.257541 	
549.564402 	469.467190 	
588.987636 	454.830313 	
631.667010 	440.653072 	
678.061364 	425.908990 	
727.546492 	412.177313 	
780.442911 	398.049263 	
836.415750 	385.373494 	
894.997102 	372.867248 	
955.764518 	362.030331 	
1018.222369 	351.840117 	
1081.257103 	343.688321 	
1144.558495 	336.561699 	
1207.409187 	331.100840 	
1268.803369 	327.092715 	
1328.541137 	324.551577 	
1385.875089 	322.980632 	
1440.773656 	322.813316 	
1492.601418 	323.674515 	
1541.473885 	325.249794 	
1587.210881 	327.731908 	
1630.075124 	330.553870 	
1669.787480 	334.053138 	
1706.772632 	337.732774 	
1740.941903 	341.781046 	
1772.785678 	345.889354 	
1802.027554 	350.198135 	
1829.373577 	354.442252 	
1854.468934 	358.748533 	
1877.848571 	363.041005 	
1899.538848 	367.290812 	
1919.585046 	371.379315 	
543.765196 	521.259392 	
583.128566 	508.118631 	
626.396235 	493.984557 	
673.237501 	480.523958 	
723.963512 	466.271603 	
777.786218 	453.428236 	
834.997909 	439.888242 	
895.078630 	428.507845 	
957.609753 	416.947215 	
1021.661293 	406.874105 	
1086.687647 	397.718985 	
1151.793645 	390.514510 	
1216.557686 	384.029261 	
1279.573813 	379.590624 	
1340.500465 	376.006349 	
1399.368483 	373.696177 	
1454.889020 	372.533236 	
1507.648316 	372.332207 	
1556.848842 	372.849479 	
1603.119003 	374.177601 	
1646.018673 	376.165349 	
1685.998560 	378.395720 	
1722.782679 	381.135339 	
1756.877326 	384.011260 	
1788.288727 	387.149811 	
1817.439232 	390.292210 	
1844.301870 	393.689430 	
1869.010673 	396.832800 	
1892.113989 	400.213251 	
1913.339896 	403.458291 	
1933.090779 	406.656500 	
539.167571 	576.473256 	
579.127495 	563.590604 	
622.720010 	551.099819 	
670.318073 	537.705511 	
721.613618 	524.978772 	
776.613525 	511.636938 	
835.014790 	499.565708 	
896.582451 	487.188735 	
960.463440 	476.182192 	
1026.442445 	465.420257 	
1093.221431 	456.438374 	
1159.893434 	447.843899 	
1226.165909 	441.395898 	
1290.486872 	435.288416 	
1353.218125 	431.055199 	
1412.640531 	427.791025 	
1469.605191 	425.503607 	
1522.473020 	423.969240 	
1572.579655 	423.530693 	
1618.792727 	423.584860 	
1661.944036 	424.097379 	
1701.633902 	425.164796 	
1738.440296 	426.603851 	
1772.219466 	428.276669 	
1803.439673 	430.083046 	
1832.219387 	432.209594 	
1858.637508 	434.241857 	
1883.131824 	436.468061 	
1905.781561 	438.639685 	
1926.686909 	440.924319 	
1945.966343 	443.070030 	
536.822389 	633.458982 	
576.912039 	622.411368 	
620.974356 	610.308022 	
668.993177 	598.767664 	
721.024629 	585.880673 	
777.012208 	574.372592 	
836.725904 	561.598774 	
899.433588 	550.412329 	
964.893600 	538.809751 	
1032.209209 	528.458586 	
1100.600928 	518.170891 	
1168.870736 	509.795148 	
1236.378149 	501.749633 	
1302.543498 	495.529675 	
1365.724924 	489.510455 	
1426.573693 	485.271206 	
1483.604454 	481.355205 	
1537.811058 	478.802171 	
1587.597434 	476.900233 	
1634.393761 	475.375212 	
1677.172172 	474.510533 	
1717.042087 	474.029329 	
1753.387576 	473.948963 	
1787.189306 	474.335256 	
1817.867325 	474.706989 	
1846.268056 	475.491899 	
1872.586935 	476.420201 	
1896.506564 	477.230901 	
1918.710917 	478.328761 	
1939.225064 	479.419069 	
1958.172987 	480.435748 	
536.638847 	693.064540 	
576.992501 	683.008215 	
621.420900 	672.810336 	
670.067035 	661.639785 	
722.651294 	650.804511 	
779.463935 	639.199400 	
840.113590 	628.018091 	
904.090061 	616.260744 	
970.715085 	605.555193 	
1039.414186 	594.172024 	
1109.187038 	584.607712 	
1178.783877 	575.051575 	
1247.520720 	566.582804 	
1314.280405 	558.481040 	
1379.188256 	551.616649 	
1440.162375 	545.385746 	
1498.190452 	540.803206 	
1552.015060 	536.121083 	
1602.756844 	532.659787 	
1648.976126 	529.160484 	
1692.102850 	526.770787 	
1731.465769 	524.820009 	
1767.944051 	523.208648 	
1801.038575 	521.908315 	
1831.717283 	520.879228 	
1859.640457 	520.093592 	
1885.407022 	519.586311 	
1909.136095 	519.186684 	
1930.876116 	518.851564 	
1951.015602 	518.690447 	
1969.616169 	518.736413 	
538.692797 	753.773871 	
579.466362 	745.658505 	
624.378483 	736.571862 	
673.286060 	727.567781 	
726.540543 	717.480414 	
784.185733 	707.325359 	
845.532060 	696.351354 	
910.424129 	685.987595 	
978.346725 	674.404576 	
1047.908396 	664.186998 	
1118.762291 	653.270341 	
1189.455251 	643.509873 	
1259.121864 	633.251889 	
1327.198187 	624.617540 	
1391.988479 	615.969470 	
1454.136793 	608.634605 	
1511.875769 	601.611568 	
1566.416325 	595.584618 	
1616.601116 	589.863564 	
1663.233918 	585.329070 	
1705.958552 	580.838637 	
1745.359283 	577.253164 	
1781.225590 	573.756741 	
1814.309007 	570.852482 	
1844.424870 	568.132359 	
1872.083833 	565.922475 	
1897.533575 	563.840339 	
1920.835788 	562.074195 	
1942.159139 	560.423972 	
1961.976126 	559.095767 	
1980.155984 	557.627053 	
543.512911 	815.961097 	
584.421271 	809.330972 	
629.593698 	802.252316 	
678.946811 	794.187432 	
732.766958 	785.919016 	
790.959700 	776.577943 	
853.120852 	767.057032 	
918.787381 	756.650958 	
987.300281 	746.351154 	
1057.902314 	735.416150 	
1129.349661 	724.620419 	
1200.875294 	713.397058 	
1271.403909 	703.102092 	
1339.352914 	692.555772 	
1405.304389 	682.986958 	
1467.095329 	673.221589 	
1525.545809 	664.961342 	
1579.584259 	656.776995 	
1630.209316 	649.486564 	
1676.414058 	642.550524 	
1719.091322 	636.482582 	
1757.958400 	630.669476 	
1793.814243 	625.581661 	
1826.282088 	620.768754 	
1856.227391 	616.540388 	
1883.507339 	612.468199 	
1908.494230 	608.934906 	
1931.422419 	605.644693 	
1952.467741 	602.629308 	
1971.960943 	599.775770 	
1989.897716 	597.263037 	
550.753892 	878.318060 	
591.923431 	873.668679 	
637.380427 	868.119534 	
687.254518 	862.004107 	
741.603433 	854.991177 	
800.115077 	847.178281 	
862.885290 	838.333631 	
929.034651 	829.066186 	
998.187063 	818.765572 	
1069.404630 	808.178685 	
1141.155837 	796.743457 	
1212.824276 	785.421996 	
1283.592672 	773.625117 	
1352.238961 	762.179990 	
1417.613939 	750.551446 	
1480.083550 	739.833222 	
1538.105825 	728.901556 	
1592.473328 	719.246649 	
1642.367620 	709.477719 	
1688.613934 	700.994702 	
1730.732225 	692.548990 	
1769.566319 	685.203622 	
1804.822226 	677.862059 	
1837.255042 	671.416064 	
1866.782446 	665.252973 	
1893.805454 	659.812859 	
1918.433363 	654.490872 	
1941.090158 	649.866042 	
1961.867490 	645.203535 	
1980.907508 	641.164556 	
1998.531208 	637.144101 	
560.514303 	940.734378 	
602.193121 	937.852495 	
647.905623 	934.058563 	
698.270738 	929.538843 	
752.696119 	924.184421 	
811.673008 	917.505092 	
874.627021 	909.996776 	
941.295513 	901.239968 	
1010.451626 	891.549270 	
1081.512523 	880.619095 	
1153.516679 	869.333240 	
1225.414957 	856.959736 	
1296.243745 	844.715281 	
1364.298503 	831.677552 	
1430.067978 	818.757136 	
1491.786160 	805.865142 	
1549.985964 	793.688392 	
1603.583371 	781.601387 	
1653.716504 	770.483802 	
1699.305397 	759.477408 	
1741.506161 	749.504411 	
1779.678626 	739.675522 	
1814.883602 	730.858952 	
1846.812665 	722.255946 	
1876.077639 	714.633347 	
1902.734319 	707.177368 	
1927.108362 	700.481725 	
1949.520775 	694.002274 	
1970.053167 	688.187869 	
1988.864413 	682.591946 	
2006.279334 	677.568067 	
572.775933 	1002.120336 	
614.820708 	1001.054252 	
661.130735 	999.048258 	
711.375058 	996.130906 	
766.400655 	992.171322 	
825.301273 	986.789504 	
888.490733 	980.168781 	
954.977337 	972.547887 	
1024.025459 	963.116030 	
1095.114806 	952.574362 	
1166.774677 	940.733157 	
1238.261178 	928.005706 	
1308.341520 	914.650559 	
1376.448660 	900.571853 	
1441.288998 	886.132435 	
1503.035625 	872.149792 	
1560.442853 	857.838139 	
1614.069776 	844.140706 	
1663.416548 	830.747046 	
1708.926961 	818.064088 	
1750.516786 	805.841045 	
1788.730912 	794.356067 	
1823.400691 	783.392949 	
1855.092440 	773.387612 	
1884.081337 	763.688775 	
1910.492029 	754.888799 	
1934.663520 	746.300170 	
1956.804141 	738.498111 	
1977.098134 	731.130069 	
1995.780607 	724.184008 	
2012.818538 	717.700091 	
587.408095 	1062.186254 	
629.894871 	1062.713498 	
676.219420 	1062.283945 	
727.023267 	1060.990470 	
781.960485 	1058.308050 	
841.075979 	1054.299515 	
903.900690 	1048.634592 	
970.051795 	1041.529752 	
1038.898973 	1032.654658 	
1109.355986 	1022.304739 	
1180.285883 	1010.369716 	
1251.227944 	997.117330 	
1320.642993 	982.887278 	
1387.870609 	967.881882 	
1452.373485 	952.318433 	
1513.025938 	936.456934 	
1570.058619 	920.843192 	
1623.052596 	905.304455 	
1672.044934 	890.265956 	
1716.944332 	875.682542 	
1758.360291 	861.769016 	
1796.041791 	848.379290 	
1830.519447 	835.876491 	
1861.959183 	823.823805 	
1890.665407 	812.625224 	
1916.905764 	802.023603 	
1940.871014 	792.100465 	
1962.838830 	782.627842 	
1982.932744 	774.038708 	
2001.355609 	765.714630 	
2018.373122 	758.001389 	
604.239686 	1120.184286 	
646.754165 	1122.219952 	
693.582285 	1123.316132 	
744.280182 	1123.191265 	
799.402924 	1121.779066 	
858.131074 	1118.785885 	
920.690403 	1114.298494 	
986.198481 	1107.575458 	
1054.312293 	1099.332744 	
1123.939275 	1089.129178 	
1194.282981 	1077.302076 	
1264.086329 	1063.536890 	
1332.348941 	1048.899075 	
1398.803733 	1032.756174 	
1462.105991 	1016.250226 	
1522.103582 	999.140922 	
1578.423843 	982.027979 	
1630.823319 	964.909606 	
1679.179645 	948.255365 	
1723.725126 	932.086146 	
1764.622214 	916.387674 	
1802.007906 	901.440064 	
1836.229953 	887.130729 	
1867.524463 	873.710595 	
1895.902011 	860.832026 	
1921.975137 	848.760171 	
1945.804315 	837.288921 	
1967.638817 	826.432661 	
1987.593229 	816.272674 	
2005.909928 	806.853872 	
2022.880287 	797.678611 	
622.623751 	1175.849236 	
665.767429 	1179.222838 	
712.370282 	1181.511262 	
763.361001 	1182.548820 	
817.874625 	1182.149862 	
876.792097 	1180.025596 	
938.612026 	1176.462847 	
1003.469751 	1170.395196 	
1070.544723 	1162.441741 	
1138.871906 	1152.486408 	
1207.959433 	1140.406827 	
1276.519192 	1126.705301 	
1343.708753 	1111.161584 	
1408.791837 	1094.686621 	
1471.079244 	1077.242767 	
1530.024933 	1059.239858 	
1585.511439 	1040.787970 	
1637.109973 	1022.522695 	
1684.833441 	1004.484715 	
1728.987023 	986.711815 	
1769.557898 	969.619555 	
1806.565544 	953.151941 	
1840.547696 	937.438841 	
1871.567919 	922.227591 	
1899.883610 	908.051266 	
1925.795035 	894.499266 	
1949.506816 	881.748261 	
1971.252556 	869.622875 	
1991.073440 	858.196334 	
2009.473276 	847.333168 	
2026.171349 	837.327638 	
642.703470 	1228.677816 	
685.795185 	1233.067733 	
732.876729 	1236.312100 	
783.404151 	1238.378289 	
838.172480 	1239.033946 	
895.945935 	1237.550986 	
957.281255 	1234.465093 	
1020.938163 	1229.073776 	
1086.841852 	1221.437073 	
1154.030243 	1211.560428 	
1221.641444 	1199.770437 	
1288.735729 	1185.784359 	
1354.424413 	1170.059675 	
1418.110969 	1153.038267 	
1479.142140 	1134.986524 	
1537.076239 	1115.997246 	
1591.469435 	1096.851299 	
1642.325572 	1077.450815 	
1689.451411 	1058.108831 	
1732.889167 	1039.350933 	
1772.991425 	1020.942360 	
1809.771845 	1003.178737 	
1843.434638 	986.090897 	
1874.217377 	969.891838 	
1902.505068 	954.153839 	
1928.259911 	939.332407 	
1951.907724 	925.251830 	
1973.563275 	911.922356 	
1993.540389 	899.329127 	
2011.794279 	887.334573 	
2028.641545 	875.733144 	
